@0000
18 0D 00 20 81 05 00 00 C7 05 00 00 C9 05 00 00 
CB 05 00 20 CB 05 00 20 CB 05 00 20 00 00 00 00 
00 00 00 00 00 00 00 00 00 00 00 00 B9 05 00 00 
CB 05 00 20 00 00 00 00 CB 05 00 20 CB 05 00 20 
CB 05 00 20 CB 05 00 20 CB 05 00 20 CB 05 00 20 
CB 05 00 20 CB 05 00 20 CB 05 00 20 CB 05 00 20 
CB 05 00 20 CB 05 00 20 CB 05 00 20 CB 05 00 20 
CB 05 00 20 CB 05 00 20 CB 05 00 20 CB 05 00 20 
CB 05 00 20 CB 05 00 20 CB 05 00 20 CB 05 00 20 
CB 05 00 20 CB 05 00 20 CB 05 00 20 CB 05 00 20 
CB 05 00 20 CB 05 00 20 CB 05 00 20 CB 05 00 20 
CB 05 00 20 CB 05 00 20 CB 05 00 20 CB 05 00 20 
CB 05 00 20 CB 05 00 20 CB 05 00 20 CB 05 00 20 
CB 05 00 20 CB 05 00 20 CB 05 00 20 CB 05 00 20 
CB 05 00 20 CB 05 00 20 CB 05 00 20 CB 05 00 20 
CB 05 00 20 CB 05 00 20 CB 05 00 20 CB 05 00 20 
CB 05 00 20 CB 05 00 20 CB 05 00 20 CB 05 00 20 
CB 05 00 20 CB 05 00 20 CB 05 00 20 CB 05 00 20 
CB 05 00 20 CB 05 00 20 CB 05 00 20 CB 05 00 20 
CB 05 00 20 CB 05 00 20 CB 05 00 20 CB 05 00 20 
CB 05 00 20 CB 05 00 20 CB 05 00 20 CB 05 00 20 
CB 05 00 20 CB 05 00 20 CB 05 00 20 CB 05 00 20 
CB 05 00 20 CB 05 00 20 CB 05 00 20 CB 05 00 20 
CB 05 00 20 CB 05 00 20 CB 05 00 20 CB 05 00 20 
CB 05 00 20 CB 05 00 20 CB 05 00 20 CB 05 00 20 
CB 05 00 20 CB 05 00 20 CB 05 00 20 CB 05 00 20 
CB 05 00 20 CB 05 00 20 CB 05 00 20 CB 05 00 20 
CB 05 00 20 CB 05 00 20 CB 05 00 20 CB 05 00 20 
1F B5 90 48 8E 49 08 60 8F 49 4F F0 FF 30 08 60 
4D 20 00 90 8A 48 00 68 69 46 00 F0 FB F9 00 28 
F6 D1 FA E0 89 49 40 20 08 70 00 F0 45 FB EF E7 
86 49 40 20 08 70 00 98 09 28 03 D0 83 49 42 20 
08 70 3F E0 82 48 00 68 00 F0 2C FB 7E 49 08 60 
81 48 00 68 00 F0 26 FB 7E 49 08 60 7A 48 7D 49 
00 68 09 68 00 F0 A6 FA 18 B9 78 49 43 20 08 70 
28 E0 75 49 77 48 09 68 00 68 40 18 02 90 77 49 
01 20 08 60 70 48 00 68 01 90 02 98 01 99 88 42 
11 D9 01 98 72 4A 74 49 10 60 72 48 01 60 71 48 
00 68 80 08 FB D2 01 98 00 F5 80 40 01 90 02 98 
01 99 88 42 ED D8 6D 48 00 68 40 08 02 D3 63 49 
44 20 08 70 61 48 00 78 40 28 02 D0 61 49 00 20 
08 60 00 F0 F1 FA 9B E7 00 F0 EE FA 00 98 05 28 
03 D0 5A 49 42 20 08 70 92 E7 59 48 00 68 00 F0 
D9 FA 55 49 08 60 5E 48 00 68 6F F3 1F 40 40 1C 
C0 02 02 90 50 49 02 98 09 68 88 42 03 D8 4F 49 
43 20 08 70 7C E7 00 F0 D7 FA 56 49 08 68 20 F0 
01 00 08 60 54 49 01 20 08 60 53 49 00 20 08 60 
45 48 00 68 80 47 52 48 50 49 08 60 FE E7 00 F0 
BB FA 42 48 01 21 00 F0 E3 F9 61 E7 3F 49 40 20 
08 70 3D 48 00 68 10 BB 40 49 01 20 08 60 00 20 
01 90 01 98 80 0B 10 D1 01 98 3D 4A 3E 49 10 60 
3C 48 01 60 3B 48 00 68 80 08 FB D2 01 98 00 F5 
80 40 01 90 01 98 80 0B EE D0 38 48 00 68 40 08 
05 D3 30 49 00 20 08 60 2C 49 44 20 08 70 00 98 
40 1E 00 90 2B 49 00 98 09 68 88 42 21 D8 35 48 
25 4C 00 68 00 9A 01 68 0B 46 25 48 21 68 D2 1C 
22 F0 03 02 D2 1C 22 F0 03 02 98 47 27 48 00 68 
40 08 03 D3 1D 49 44 20 08 70 0D E0 1D 49 00 9A 
08 68 80 1A 08 60 18 49 00 98 0A 68 80 18 08 60 
02 E0 16 49 43 20 08 70 00 F0 5E FA 08 E7 00 F0 
5B FA 00 F0 61 FA 1E 48 1C 49 08 60 FE E7 00 F0 
53 FA 0E 49 41 20 08 70 FA E6 09 48 00 68 00 78 
20 38 3F F4 FF AE 40 1E 3F F4 02 AF 40 1E 3F F4 
53 AF 40 1E 83 D0 40 1E 88 D0 40 1E DF D0 E6 E7 
00 09 00 20 B3 08 00 20 08 09 00 20 10 09 00 20 
B4 08 00 20 0C 09 00 20 B8 08 00 20 14 D0 0F 40 
00 D0 0F 40 08 D0 0F 40 02 00 42 A4 0C D0 0F 40 
C0 DF 0F 40 20 E6 0F 40 20 E5 0F 40 0C ED 00 E0 
04 00 FA 05 2C 00 00 01 08 B5 2E 49 08 68 40 F0 
10 00 08 60 2B 49 08 68 20 F0 0C 00 08 60 FF E7 
4F F4 00 20 00 F0 B2 F8 27 49 4F F0 91 10 08 60 
27 48 26 49 08 60 FF E7 26 49 08 68 40 F0 02 00 
08 60 25 49 08 68 40 F0 01 00 08 60 23 49 08 68 
40 F0 04 00 08 60 22 49 08 68 40 F4 00 70 08 60 
20 49 08 68 40 F0 04 00 08 60 1F 49 08 68 20 F0 
04 00 08 60 1D 49 08 68 40 F0 04 00 08 60 17 49 
08 68 40 F0 08 00 08 60 15 49 08 68 40 F4 00 50 
08 60 14 49 08 68 40 F0 08 00 08 60 12 49 08 68 
40 F0 08 00 08 60 11 49 08 68 40 F0 08 00 08 60 
0F 49 30 20 08 60 0F 49 44 20 08 60 0E 49 01 20 
08 60 08 BD 7C E0 0F 40 C0 E0 0F 40 B0 E0 0F 40 
00 00 30 80 08 E6 0F 40 20 E6 0F 40 20 94 05 40 
2C 95 05 40 1C 95 05 40 0C 95 05 40 10 95 05 40 
20 00 02 40 00 08 02 40 04 08 02 40 B0 08 00 20 
18 0D 00 20 00 20 00 21 C2 F2 00 01 5F F8 14 20 
50 F8 04 3B 41 F8 04 3B 91 42 F9 DB 00 20 5F F8 
20 20 41 F8 04 0B 91 42 FB DB 4E F6 08 50 CE F2 
00 00 00 21 C2 F2 00 01 01 60 4E F0 00 5E 70 47 
4E F6 88 50 CE F2 00 00 01 68 41 F4 70 01 01 60 
FF F7 D8 FF 00 F0 C8 F8 18 B1 FF F7 55 FF FF F7 
0F BE 44 F2 00 00 4E F6 08 51 CE F2 00 01 08 60 
D0 F8 00 D0 40 68 00 47 FF F7 C4 FF 00 20 D0 F8 
00 D0 FF F7 FD BD FE E7 FE E7 FE E7 40 1E FD D1 
70 47 D5 E7 00 B5 AD F1 14 0D 01 91 00 90 00 20 
02 90 02 98 30 B9 02 A8 01 21 00 F0 E3 F8 02 98 
00 28 F8 D0 02 98 80 1E 02 90 01 21 03 A8 00 F0 
D9 F8 01 99 02 98 09 68 88 42 11 D8 00 98 02 99 
00 F0 D0 F8 00 98 02 99 00 F0 08 F9 03 99 01 F0 
FF 01 81 42 14 D0 00 F0 37 F9 4F F0 FF 30 13 E0 
02 98 41 1E 02 91 40 B1 00 98 01 21 00 F0 BA F8 
02 98 41 1E 00 28 02 91 F6 D1 4F F0 FF 30 03 E0 
02 98 01 99 08 60 00 20 05 B0 00 BD 08 B5 15 49 
08 68 40 F4 80 70 08 60 03 20 FF F7 AF FF 12 49 
08 68 40 F0 01 00 08 60 10 49 08 68 40 F0 01 00 
08 60 0F 49 08 68 40 F0 01 00 08 60 0D 49 08 68 
20 F0 01 00 08 60 4F F4 7A 70 FF F7 97 FF 0A 48 
00 68 40 08 04 D2 09 49 01 20 08 60 01 20 00 E0 
00 20 08 BD 08 E6 0F 40 1C 05 06 40 00 05 06 40 
10 05 06 40 28 05 06 40 FC 03 06 40 04 09 00 20 
0E B5 01 91 00 90 00 98 01 99 00 F0 A7 F8 02 90 
01 98 80 1C 01 90 01 21 01 A8 00 F0 81 F8 01 21 
02 A8 00 F0 7D F8 01 99 00 98 89 1E 00 F0 78 F8 
00 20 02 90 02 98 30 B9 02 A8 01 21 00 F0 52 F8 
02 98 00 28 F8 D0 02 98 CC 28 02 D0 4F F0 FF 30 
00 E0 00 20 0E BD 00 00 08 B5 11 49 00 20 08 60 
4F F4 80 40 00 90 00 98 00 68 B0 F1 FF 3F 11 D0 
00 98 00 68 6F F3 13 00 B0 F1 00 5F 0A D1 00 98 
40 68 B0 F1 FF 3F 05 D0 00 98 40 68 6F F3 53 00 
01 28 01 D0 01 20 01 E0 FF F7 78 FF 08 BD C0 46 
04 09 00 20 AD F1 10 0D 01 91 00 90 0C 48 00 68 
6F F3 1F 40 40 1C C0 02 02 90 00 98 B0 F5 80 4F 
09 D1 00 9A 01 98 02 99 80 18 81 42 03 D3 00 98 
10 F0 03 0F 01 D0 00 20 00 E0 01 20 04 B0 70 47 
C0 DF 0F 40 AD F1 08 0D 01 91 00 90 01 98 41 1E 
01 91 78 B1 08 48 00 68 40 08 FB D3 00 98 07 4A 
41 1C 00 91 11 68 01 70 01 98 00 28 A0 F1 01 01 
01 91 EF D1 02 B0 70 47 04 08 02 40 08 08 02 40 
AD F1 08 0D 01 91 00 90 01 98 41 1E 01 91 78 B1 
08 48 00 68 80 08 FB D3 00 99 11 F8 01 0B 00 91 
05 49 08 60 01 98 00 28 A0 F1 01 01 01 91 EF D1 
02 B0 70 47 04 08 02 40 08 08 02 40 AD F1 10 0D 
01 91 00 90 00 20 02 90 01 98 41 1E 01 91 60 B1 
00 9A 02 99 12 F8 01 0B 00 92 40 18 02 90 01 98 
00 28 A0 F1 01 01 01 91 F2 D1 02 98 00 F0 FF 00 
04 B0 70 47 AD F1 08 0D 00 90 00 BA 70 47 00 98 
40 1C 02 B0 70 47 00 00 08 B5 02 48 02 21 FF F7 
B7 FF 08 BD A8 08 00 20 02 48 00 68 C0 09 FB D2 
70 47 C0 46 04 00 02 40 08 B5 02 48 02 21 FF F7 
A7 FF 08 BD AA 08 00 20 00 CC 00 33 
q
