@0000
C0 48 00 20 ED 26 00 00 33 27 00 00 35 27 00 00 
37 27 00 20 37 27 00 20 37 27 00 20 00 00 00 00 
00 00 00 00 00 00 00 00 00 00 00 00 25 27 00 00 
37 27 00 20 00 00 00 00 37 27 00 20 75 2C 00 20 
37 27 00 20 37 27 00 20 37 27 00 20 37 27 00 20 
37 27 00 20 37 27 00 20 37 27 00 20 37 27 00 20 
37 27 00 20 37 27 00 20 37 27 00 20 37 27 00 20 
37 27 00 20 37 27 00 20 37 27 00 20 37 27 00 20 
37 27 00 20 37 27 00 20 37 27 00 20 37 27 00 20 
37 27 00 20 37 27 00 20 37 27 00 20 37 27 00 20 
37 27 00 20 37 27 00 20 37 27 00 20 37 27 00 20 
37 27 00 20 37 27 00 20 37 27 00 20 37 27 00 20 
37 27 00 20 37 27 00 20 37 27 00 20 37 27 00 20 
37 27 00 20 37 27 00 20 37 27 00 20 37 27 00 20 
37 27 00 20 37 27 00 20 37 27 00 20 37 27 00 20 
37 27 00 20 37 27 00 20 37 27 00 20 37 27 00 20 
37 27 00 20 37 27 00 20 37 27 00 20 37 27 00 20 
37 27 00 20 37 27 00 20 37 27 00 20 37 27 00 20 
37 27 00 20 37 27 00 20 37 27 00 20 37 27 00 20 
37 27 00 20 37 27 00 20 37 27 00 20 37 27 00 20 
37 27 00 20 37 27 00 20 37 27 00 20 37 27 00 20 
37 27 00 20 37 27 00 20 37 27 00 20 37 27 00 20 
37 27 00 20 37 27 00 20 37 27 00 20 37 27 00 20 
37 27 00 20 37 27 00 20 37 27 00 20 37 27 00 20 
37 27 00 20 37 27 00 20 37 27 00 20 37 27 00 20 
37 27 00 20 37 27 00 20 37 27 00 20 37 27 00 20 
37 27 00 20 37 27 00 20 37 27 00 20 37 27 00 20 
37 27 00 20 37 27 00 20 37 27 00 20 37 27 00 20 
1C B5 8D F8 00 00 AD 48 04 68 9D F8 00 00 04 28 
00 F0 DA 81 AB 48 AC 49 08 60 A9 49 08 60 9D F8 
00 00 03 28 10 D1 60 7E 00 F0 0F 00 03 28 40 F0 
D7 87 20 8A 00 28 40 F0 D3 87 A4 48 08 21 01 70 
02 F0 81 FD 00 F0 44 BE 9D F8 00 00 02 28 40 F0 
8C 80 9F 49 C8 78 40 1C C0 B2 C8 70 78 B9 9C 49 
88 78 40 1C C0 B2 88 70 48 B9 99 49 48 78 40 1C 
C0 B2 48 70 18 B9 96 49 08 78 40 1C 08 70 9D 48 
00 21 01 80 9C 48 00 21 01 80 60 7E 07 28 02 D0 
60 7E 05 28 0A D1 A0 7E 40 1C A0 76 A0 7E 78 28 
40 F0 9E 87 00 20 60 76 00 F0 9A BF 60 7E 00 28 
00 F0 96 87 20 8A 00 28 4A D0 A0 7E 41 1E 00 28 
A1 76 40 F0 8D 87 E0 7E 08 28 08 D0 60 7E 02 28 
02 D0 60 7E 01 28 0E D1 E0 7E 05 28 0B D1 00 20 
60 76 7A 48 80 21 01 70 02 F0 2D FD AD 48 14 21 
01 70 00 F0 E2 BE E0 7E 04 28 01 DD 04 21 00 E0 
E1 7E 03 20 88 40 A0 76 E0 7E 40 1C E0 76 0A E0 
A4 48 00 21 01 70 87 E3 6C 48 04 21 01 70 02 F0 
12 FD 00 F0 12 BE 60 7E 00 F0 0F 00 40 1E 00 F0 
71 83 40 1E EC D0 40 1E EE D0 40 1E 00 F0 66 85 
80 1E 00 F0 63 85 80 1E 00 F0 60 85 00 F0 48 BF 
60 7E 00 F0 0F 00 03 28 40 F0 42 87 5B 48 08 21 
01 70 02 F0 F0 FC 00 F0 B3 BD 9D F8 00 00 05 28 
18 D1 B3 48 00 68 80 88 00 28 00 F0 31 87 4F 48 
00 21 01 60 50 49 93 48 08 60 4D 49 08 60 5A 48 
00 21 01 80 57 48 01 80 4C 48 08 21 01 70 01 F0 
01 F9 11 E1 B3 48 00 78 45 28 40 F0 19 87 B3 4A 
B1 48 50 49 12 78 00 78 09 88 00 EB 02 20 81 42 
C0 F2 0E 87 AD 49 AC 48 0A 78 00 78 49 49 00 EB 
02 20 08 80 FF E7 AA 48 00 78 10 F0 3F 0F 40 F0 
FF 86 A8 48 00 78 00 28 40 F0 FA 86 A7 48 A6 49 
00 88 09 88 88 42 05 D1 A6 48 A5 49 00 88 09 88 
88 42 1D D0 A4 48 00 78 11 28 0B D1 A4 48 A3 49 
00 88 09 88 88 42 05 D1 A3 48 A2 49 00 88 09 88 
88 42 57 D0 98 48 9D 49 00 88 09 88 88 42 40 F0 
D7 86 97 48 9B 49 00 88 09 88 88 42 40 F0 D0 86 
02 F0 22 FC 4F F6 FF 71 81 42 40 F0 C9 86 92 48 
00 78 06 28 00 F0 2A 81 8F 48 00 78 11 28 39 D0 
8D 48 00 78 01 28 40 F0 BB 86 B8 48 00 78 08 28 
40 F0 B6 86 B5 48 00 21 01 70 B5 48 00 88 4F F6 
F7 71 81 42 04 DC 7B 49 C8 8A 09 30 C8 82 03 E0 
78 49 C8 8A 08 30 C8 82 AE 48 80 4B 02 88 81 49 
AD 48 1A 80 00 88 08 80 77 48 AA 4B AA 49 02 88 
77 48 1A 80 00 88 08 80 00 F0 8E BE A0 44 00 20 
B0 44 00 20 6E 2F 00 20 9C 44 00 20 BC 44 00 20 
82 44 00 20 07 48 07 49 00 88 1C 38 08 80 9F 48 
57 49 08 60 56 48 9E 49 00 68 81 42 40 F2 78 86 
04 E0 C0 46 B8 44 00 20 BA 44 00 20 50 48 00 68 
80 88 00 28 42 D0 4E 48 91 49 00 68 09 88 80 88 
88 42 3B D1 4A 48 00 68 C0 88 60 B1 48 48 8B 49 
00 68 09 88 C0 88 88 42 05 D0 45 48 00 68 C0 88 
B0 F5 8A 4F 2A D1 42 49 54 48 09 68 00 88 09 88 
88 42 06 D1 3E 49 53 48 09 68 00 88 49 88 88 42 
2A D0 3B 49 52 48 09 68 00 88 09 88 88 42 06 D1 
37 49 51 48 09 68 00 88 49 88 88 42 1C D0 34 48 
78 49 00 68 09 88 00 88 88 42 07 D1 30 48 76 49 
00 68 09 88 40 88 88 42 00 D1 0D E0 2C 49 08 68 
10 30 08 60 2A 48 72 49 00 68 81 42 AE D8 00 F0 
1F BE C0 46 67 2F 00 20 B2 48 00 21 01 60 B2 48 
02 21 01 70 B1 49 07 48 08 60 B1 49 08 60 B1 48 
00 21 01 80 00 F0 EE FF AE 48 00 88 00 28 00 F0 
07 86 01 E0 62 2F 00 20 AA 48 AB 49 00 88 1C 30 
08 80 A9 48 25 49 00 88 00 12 08 70 A6 48 22 49 
00 88 00 F0 FF 00 08 70 11 48 00 68 9A 49 00 7A 
08 70 25 48 11 21 01 70 9E 49 9E 48 97 4A 09 88 
00 88 08 31 08 30 83 B2 89 B2 08 02 40 EA 23 20 
10 80 93 48 00 21 01 80 05 48 00 68 47 49 80 88 
08 80 03 48 00 68 46 49 C0 88 08 80 02 E0 C0 46 
B4 44 00 20 10 48 43 4B 43 49 02 88 10 48 1A 80 
00 88 08 80 8D 48 01 68 8C 48 10 4B 00 68 0A 88 
10 49 1A 80 40 88 08 80 B9 48 84 49 08 60 00 F0 
91 BD C0 46 46 2F 00 20 49 2F 00 20 48 2F 00 20 
4C 2F 00 20 4D 2F 00 20 A8 44 00 20 26 2F 00 20 
AA 44 00 20 28 2F 00 20 4F 2F 00 20 56 2F 00 20 
22 2F 00 20 58 2F 00 20 24 2F 00 20 02 F0 46 FB 
4F F6 FF 71 81 42 40 F0 93 85 B0 4C B0 48 A0 42 
1A D3 60 7E A0 B1 22 49 A0 88 09 88 88 42 0F D1 
1E 49 E0 88 09 88 88 42 0A D1 1E 49 20 88 09 88 
88 42 05 D1 1C 49 60 88 09 88 88 42 00 F0 BC 81 
20 34 A3 48 A0 42 E4 D2 A2 48 00 78 00 F0 3F 00 
02 28 1C D1 12 48 B4 49 00 88 08 80 B3 48 00 21 
01 70 B2 48 00 78 14 28 11 DA B0 48 AE 49 B0 4A 
00 78 09 88 32 F8 10 00 88 42 00 F0 88 80 AB 49 
08 78 40 1C 08 70 A9 48 00 78 14 28 ED DB 91 48 
00 78 C0 08 80 F0 4C 85 0C E0 C0 46 5A 2F 00 20 
5C 2F 00 20 52 2F 00 20 54 2F 00 20 50 44 00 20 
60 44 00 20 87 48 14 21 01 70 47 48 28 21 01 80 
AA 48 50 21 01 70 AA 48 98 49 00 78 08 70 A9 48 
A7 49 00 78 08 70 95 48 A6 49 00 78 08 70 38 48 
92 49 00 78 08 70 B1 48 35 49 00 78 08 70 8F 48 
AE 49 00 78 08 70 AE 48 8C 49 00 78 08 70 AD 48 
AB 49 00 78 08 70 89 48 AA 49 00 78 08 70 2B 48 
86 49 00 78 08 70 B3 48 28 49 00 78 08 70 83 48 
B0 49 00 78 08 70 AF 49 C8 78 40 1C C0 B2 C8 70 
78 B9 AC 49 88 78 40 1C C0 B2 88 70 48 B9 A9 49 
48 78 40 1C C0 B2 48 70 18 B9 A6 49 08 78 40 1C 
08 70 A5 48 74 49 00 88 08 80 A4 48 A2 49 00 88 
08 80 71 48 A1 49 00 88 08 80 A1 4B A1 48 A2 49 
02 88 A2 48 1A 80 00 88 08 80 A1 48 9D 4B 9F 49 
02 88 A0 48 1A 80 00 88 08 80 00 F0 8F BC 00 24 
66 48 00 21 01 70 65 48 00 78 0A 28 3D DA 63 48 
8E 49 00 78 40 01 08 5C D0 B9 60 48 47 4C 00 78 
04 EB 40 14 31 E0 C0 46 4E 2F 00 20 5E 2F 00 20 
60 2F 00 20 A0 44 00 20 BC 44 00 20 9C 44 00 20 
B0 44 00 20 BA 44 00 20 B8 44 00 20 B4 44 00 20 
52 48 7E 49 00 78 40 01 08 5C 07 28 0D D1 3C B1 
4E 48 7B 4A 00 78 41 01 A0 7E 51 5C 88 42 04 DA 
4A 48 32 4C 00 78 04 EB 40 14 48 49 08 78 40 1C 
08 70 46 48 00 78 0A 28 C1 DB 00 2C 00 F0 88 84 
79 48 04 60 03 20 A0 76 20 76 00 20 A0 75 04 20 
E0 75 00 20 E0 76 6D 48 00 88 A0 80 6A 48 00 88 
E0 80 6C 48 01 88 6D 48 21 80 00 88 60 80 01 20 
60 76 C4 48 00 78 20 73 BF 48 00 78 60 73 BF 48 
00 78 A0 73 BE 48 00 78 E0 73 01 20 20 82 40 48 
00 78 E0 72 BD 48 00 78 A0 72 4D 48 00 78 60 72 
B9 48 00 78 20 72 01 20 02 F0 FA F8 37 48 00 78 
00 F0 F0 00 50 28 65 DD 24 48 00 21 01 70 58 E0 
6E 2F 00 20 21 48 C3 49 C1 4A 00 78 36 30 08 5C 
10 70 BF 48 00 78 00 B9 54 E0 BD 48 00 78 01 28 
0A D1 1A 49 08 78 40 1C 08 70 42 E0 7C 41 00 20 
9C 42 00 20 67 2F 00 20 B5 48 00 78 02 28 29 D1 
12 48 B4 49 00 78 37 30 08 5C 04 28 22 D1 0F 48 
0E 49 B0 4A AF 4B 00 78 09 78 38 30 39 31 12 5C 
58 5C 09 49 40 EA 02 20 08 80 07 48 00 88 40 F2 
0A 61 81 42 02 DA 40 F2 0A 60 01 E0 BB 48 00 88 
60 82 A0 82 1E E0 C0 46 72 44 00 20 70 44 00 20 
28 44 00 20 C0 48 9F 49 00 78 37 30 08 5C 88 B1 
BD 48 BD 49 9B 4B 00 78 0A 78 37 30 18 5C 80 18 
08 70 06 48 B8 49 00 78 09 78 00 11 40 1F B1 EB 
80 0F 9F DB C2 48 10 21 01 70 05 E0 66 2F 00 20 
61 2F 00 20 65 2F 00 20 BE 49 91 F8 21 00 40 F0 
02 00 81 F8 21 00 BC 48 02 21 01 70 B5 49 04 20 
08 70 B5 49 06 20 08 70 B4 49 0A 20 08 70 C4 48 
2C 21 01 80 C4 48 60 21 01 70 35 E3 64 2F 00 20 
5F 2F 00 20 63 2F 00 20 13 48 04 60 BD 48 00 21 
01 70 AB 48 00 78 C0 08 20 D3 00 20 60 76 B9 48 
20 21 01 70 02 F0 5F F9 AA E3 C0 46 95 41 00 20 
96 41 00 20 62 2F 00 20 5A 2F 00 20 5C 2F 00 20 
56 2F 00 20 52 2F 00 20 58 2F 00 20 54 2F 00 20 
A8 44 00 20 AA 44 00 20 A0 44 00 20 AA 48 8A 49 
00 78 00 11 80 00 08 70 87 49 A5 48 0A 78 00 88 
A3 49 80 1A 14 38 08 80 60 7E 00 F0 0F 00 02 28 
05 D1 8F 48 00 78 00 F0 3F 00 12 28 20 D0 9C 48 
00 88 00 28 04 DC 8A 48 00 78 10 F0 03 0F 17 D0 
45 49 20 7A 09 78 88 42 40 F0 D4 82 C5 49 60 7A 
09 78 88 42 40 F0 CE 82 40 49 A0 7A 09 78 88 42 
40 F0 C8 82 C0 49 E0 7A 09 78 88 42 40 F0 C2 82 
7B 48 00 78 40 09 C0 F0 9D 82 20 8A 00 28 00 F0 
99 82 21 8A 04 F1 0C 00 01 F0 9A FB B1 48 B7 49 
00 78 09 78 88 42 40 F0 8D 82 AF 48 B4 49 00 78 
09 78 88 42 40 F0 86 82 AC 48 B2 49 00 78 09 78 
88 42 40 F0 7F 82 AA 48 AF 49 00 78 09 78 88 42 
40 F0 78 82 A3 48 00 78 20 73 A3 48 00 78 60 73 
A2 48 00 78 A0 73 A2 48 00 78 E0 73 E0 7E 50 BB 
A1 7E 20 7E 40 1A 8D F8 04 00 9D F9 04 00 A1 7D 
A0 EB E1 00 8D F8 04 00 9D F9 04 00 A1 7D 40 18 
A0 75 9D F9 04 00 00 28 04 D5 9D F9 04 00 40 42 
8D F8 04 00 E1 7D 9D F9 04 00 A0 EB A1 00 8D F8 
04 00 9D F9 04 00 E1 7D 40 18 E0 75 E0 7D A1 7D 
00 EB E1 00 20 76 5B 48 01 21 01 70 20 7E A0 76 
00 20 20 82 36 E2 C0 46 83 44 00 20 84 44 00 20 
85 44 00 20 82 44 00 20 5E 2F 00 20 60 2F 00 20 
50 48 00 78 40 08 C0 F0 DB 82 03 20 60 76 4D 48 
40 21 01 70 00 20 20 82 49 48 00 88 00 28 08 DD 
48 49 08 78 40 F0 02 00 08 70 45 48 00 88 01 F0 
6F FF BA 48 00 21 01 80 02 F0 75 F8 38 E1 C0 46 
71 44 00 20 38 2F 00 20 3E 48 00 78 40 08 C0 F0 
9C 80 2B 48 00 78 00 F0 3F 00 12 28 40 F0 95 80 
39 48 00 78 00 F0 F0 00 50 28 6F DD 16 48 00 21 
01 70 5A E0 14 48 B6 49 B6 4A 00 78 36 30 08 5C 
10 70 B4 48 00 78 00 B9 60 E0 B2 48 00 78 01 28 
06 D1 0D 49 08 78 40 1C 08 70 46 E0 72 44 00 20 
AC 48 00 78 02 28 31 D1 07 48 A9 49 00 78 37 30 
08 5C 04 28 2A D1 04 48 03 49 A5 4A A4 4B 00 78 
09 78 38 30 39 31 01 E0 70 44 00 20 12 5C 58 5C 
B9 49 40 EA 02 20 08 80 B7 48 00 88 40 F2 0A 61 
81 42 02 DA 40 F2 0A 60 01 E0 B3 48 00 88 60 82 
A0 82 2B E0 6F 2F 00 20 70 2F 00 20 71 2F 00 20 
67 2F 00 20 46 2F 00 20 6E 2F 00 20 B8 48 90 49 
00 78 37 30 08 5C C8 B1 B5 48 B5 49 8C 4B 00 78 
0A 78 37 30 18 5C 80 18 08 70 07 48 B0 49 00 78 
09 78 00 11 40 1F B1 EB 80 0F 9B DB 06 E0 C0 46 
B8 44 00 20 BC 44 00 20 66 2F 00 20 03 20 60 76 
B7 48 00 78 20 72 2B 48 00 78 60 72 BC 48 00 78 
A0 72 29 48 00 78 E0 72 01 20 01 F0 D1 FE B7 48 
42 21 01 70 00 20 20 82 B3 48 00 21 01 80 67 48 
00 21 01 80 01 F0 CF FF 92 E0 B0 48 20 21 01 70 
01 F0 C9 FF BE 48 00 68 00 21 41 76 BF E4 BB 48 
00 78 40 08 3A D3 60 7E 40 09 37 D2 20 8A 00 28 
40 F0 06 82 A4 48 00 88 40 1C 80 B2 01 F0 A8 FE 
A2 49 08 78 40 F0 10 00 08 70 9F 48 00 88 00 28 
04 DD 9E 49 08 78 40 F0 02 00 08 70 01 F0 A3 FF 
01 20 20 82 08 20 60 76 00 20 E0 76 A7 48 11 21 
01 70 52 E1 98 44 00 20 99 44 00 20 9A 44 00 20 
9B 44 00 20 5F 2F 00 20 61 2F 00 20 62 2F 00 20 
63 2F 00 20 64 2F 00 20 65 2F 00 20 9B 48 00 78 
80 09 14 D3 BD 4A BC 48 BD 49 13 78 00 78 0A 68 
BB 49 40 EA 03 20 80 18 08 60 B8 49 B6 48 82 4A 
0B 78 00 78 11 88 40 EA 03 20 09 1A 11 80 7E 48 
00 88 00 28 0B DD 60 7E 40 09 08 D2 7B 49 08 78 
40 F0 02 00 08 70 78 48 00 88 01 F0 51 FE B2 49 
B0 48 0A 78 00 78 50 49 00 EB 02 20 08 80 4E 49 
A0 8A 09 88 88 42 02 DB 4B 48 00 88 10 B9 A0 8A 
49 49 08 80 48 48 00 88 60 82 6C 48 00 78 10 F0 
03 0F 00 F0 8D 81 1D 48 00 21 01 80 01 F0 3B FF 
66 48 00 78 80 09 08 D3 18 48 00 21 01 80 00 20 
60 76 72 48 14 21 01 70 E7 E0 60 48 00 78 40 09 
0C D3 12 48 00 21 01 80 01 20 20 82 04 20 60 76 
00 20 E0 76 69 48 11 21 01 70 D6 E0 0B 48 00 88 
00 28 18 DD 55 48 00 78 40 08 01 D3 00 20 20 82 
20 8A 68 B9 05 49 60 8A 09 88 88 42 02 DA 60 8A 
AF 49 08 80 AE 48 00 88 20 82 04 E0 BA 44 00 20 
20 8A AB 49 08 80 00 20 E0 76 B0 48 7C 49 00 68 
08 60 A7 48 00 88 00 28 0E DD 20 8A 00 28 0B DD 
20 8A 41 49 28 30 08 80 50 48 18 21 01 70 A7 E0 
38 2F 00 20 71 44 00 20 3C 48 00 78 80 08 C0 F0 
2F 81 39 48 28 21 01 80 48 48 10 21 01 70 97 E0 
36 48 00 78 40 08 C0 F0 23 81 00 20 60 76 33 48 
10 21 01 70 01 F0 CF FE 1A E1 2F 48 00 88 00 28 
03 DD 2D 48 00 88 01 F0 BB FD 3C 48 00 78 40 08 
17 D3 2A 48 00 78 40 08 08 D3 07 20 60 76 00 20 
A0 76 00 20 20 82 03 E0 72 44 00 20 06 20 60 76 
01 20 01 F0 A5 FD 21 48 10 21 01 70 01 F0 AB FE 
60 E0 1E 48 00 78 40 08 04 D3 05 20 60 76 00 20 
20 82 ED E0 18 48 00 88 00 28 53 DC E8 E0 C0 46 
70 44 00 20 14 48 00 88 00 28 03 DD 12 48 00 88 
01 F0 86 FD 21 48 00 78 40 08 0C D3 07 20 60 76 
00 20 A0 76 01 20 01 F0 7B FD 0C 48 10 21 01 70 
01 F0 81 FE 36 E0 08 48 00 88 00 28 32 DC C7 E0 
5E 2F 00 20 05 48 00 78 40 08 C0 F0 C1 80 07 20 
60 76 00 20 A0 76 BB E0 B8 44 00 20 BC 44 00 20 
60 2F 00 20 60 7E 00 F0 0F 00 40 1E 07 28 00 F2 
AF 80 02 A1 51 F8 20 00 87 46 C0 46 E1 0B 00 20 
29 0C 00 20 7F 0D 00 20 6B 0F 00 20 D5 0F 00 20 
15 10 00 20 75 10 00 20 51 0F 00 20 67 2F 00 20 
A0 44 00 20 72 48 10 21 01 70 66 48 28 21 01 80 
53 48 50 21 01 70 FF E7 20 7A 52 49 08 70 52 49 
60 7A 08 70 51 49 A0 7A 08 70 51 49 E0 7A 08 70 
65 49 20 7B 08 70 4F 49 60 7B 08 70 63 49 A0 7B 
08 70 4D 49 E0 7B 08 70 4C 48 06 21 01 70 4C 49 
A0 88 08 80 4B 49 E0 88 08 80 4B 48 4B 4B 02 88 
4B 49 4C 48 1A 80 00 88 08 80 4B 4A 21 88 4B 48 
11 80 61 88 01 80 60 7E 40 09 0B D3 09 49 00 20 
08 70 09 49 08 70 11 E0 6D 2F 00 20 6C 2F 00 20 
9C 44 00 20 04 49 06 20 08 70 02 49 0A 20 08 70 
04 E0 C0 46 69 2F 00 20 68 2F 00 20 3C 48 40 21 
01 70 3C 48 3C 49 00 88 00 12 08 70 39 48 3B 49 
00 88 00 F0 FF 00 08 70 39 49 00 20 08 70 39 49 
08 70 1C 49 00 20 08 80 01 F0 D8 FD 19 49 C0 43 
08 80 FF E7 34 48 45 21 01 70 17 49 00 20 08 70 
32 48 00 21 01 70 32 48 01 70 14 49 08 88 40 1C 
08 80 12 48 12 49 00 88 00 12 08 70 0F 48 11 49 
00 88 00 F0 FF 00 08 70 0F 49 00 20 08 80 01 F0 
5B FD 0D 49 C0 43 08 80 26 48 00 21 01 70 05 E0 
1C 48 00 21 01 80 23 48 00 21 01 70 1C BD C0 46 
BA 44 00 20 6A 2F 00 20 47 2F 00 20 6C 44 00 20 
4A 2F 00 20 4B 2F 00 20 50 2F 00 20 B0 44 00 20 
66 2F 00 20 62 2F 00 20 63 2F 00 20 64 2F 00 20 
65 2F 00 20 5F 2F 00 20 61 2F 00 20 4F 2F 00 20 
5A 2F 00 20 5C 2F 00 20 A8 44 00 20 52 2F 00 20 
54 2F 00 20 AA 44 00 20 56 2F 00 20 58 2F 00 20 
4E 2F 00 20 B8 44 00 20 48 2F 00 20 49 2F 00 20 
6D 2F 00 20 6C 2F 00 20 46 2F 00 20 4D 2F 00 20 
4C 2F 00 20 BC 44 00 20 5E 2F 00 20 60 2F 00 20 
67 2F 00 20 10 B5 AD F1 20 0D 02 90 9F 48 40 F2 
0E 41 01 F0 75 FA 9E 48 00 68 40 6C 01 46 9B 48 
88 47 9B 48 00 68 9B 4A 00 6A 04 21 04 46 00 91 
00 21 96 48 01 91 02 99 04 23 A0 47 96 48 00 68 
C0 69 05 A9 02 46 04 A8 90 47 04 98 B0 F1 FF 3F 
03 D0 05 98 B0 F1 FF 3F 12 D1 90 49 00 20 08 70 
8F 49 1A 20 08 70 8F 49 B6 20 08 70 8E 49 00 20 
08 70 8E 49 64 20 08 70 8D 49 00 20 08 70 1D E0 
04 98 86 49 00 F0 FF 00 08 70 04 98 84 49 C0 F3 
07 20 08 70 04 98 83 49 C0 F3 07 40 08 70 05 98 
81 49 00 F0 FF 00 08 70 05 98 80 49 C0 F3 07 20 
08 70 05 98 7E 49 C0 F3 07 40 08 70 74 48 00 68 
00 69 04 46 71 48 4F F4 40 61 4F F0 08 72 00 23 
A0 47 00 20 03 90 03 98 03 28 23 D2 03 98 75 4A 
75 49 40 01 11 50 03 98 74 4A 75 49 40 01 11 50 
03 98 02 28 01 D1 74 49 05 E0 03 9A 72 49 20 20 
00 EB 42 10 09 18 03 98 6E 4A 40 01 11 50 03 98 
6E 49 6D 4A 40 01 11 50 03 98 40 1C 03 90 03 98 
03 28 DB D3 00 20 03 90 03 98 03 28 24 D2 03 98 
67 4A 00 21 40 01 11 50 03 98 66 4A 4F F4 8C 41 
40 01 11 50 03 98 65 49 63 4A 40 01 11 50 03 98 
02 28 01 D1 5E 49 05 E0 03 9A 5D 49 20 20 00 EB 
42 10 09 18 03 98 5E 4A 40 01 11 50 03 98 40 1C 
03 90 03 98 03 28 DA D3 45 48 00 68 54 49 80 6D 
02 46 42 48 90 47 42 48 00 68 4F 49 C0 6F 02 46 
3E 48 90 47 53 49 00 20 08 60 53 49 02 20 08 60 
3B 48 00 68 3D 4A 80 68 03 46 38 48 00 21 98 47 
37 48 00 68 C0 6B 03 46 34 48 00 21 01 22 98 47 
C0 08 F5 D3 32 48 00 68 C0 69 02 46 2F 48 4F F4 
04 71 90 47 33 48 45 49 00 68 08 60 01 F0 AA F8 
01 F0 D6 FB 2D 49 2E 48 2E 4A 41 4B 41 4C 09 78 
00 78 12 78 19 70 2C 49 3F 4B 20 70 2B 48 09 78 
3E 4C 1A 70 00 78 3E 4B 29 4A 21 70 3D 49 18 70 
10 78 08 70 3C 49 00 20 08 80 4F F0 FF 30 06 90 
06 A8 4F F4 86 41 00 F0 7B FE 38 49 08 60 37 48 
00 68 4F F4 88 41 81 80 15 48 00 68 D0 F8 84 10 
12 48 88 47 12 48 00 68 00 6E 01 46 0F 48 88 47 
24 48 1F 4A 00 68 41 01 88 58 40 F0 00 40 88 50 
2B 49 00 20 08 60 2B 49 00 20 08 60 2A 49 00 20 
08 60 02 9A 29 49 64 20 B2 FB F0 F0 40 1E 08 60 
27 49 07 20 08 60 08 B0 10 BD C0 46 00 C0 0E 40 
B8 00 00 01 02 00 00 04 2C 00 00 01 74 44 00 20 
75 44 00 20 76 44 00 20 77 44 00 20 78 44 00 20 
79 44 00 20 A0 43 00 20 00 06 00 20 A4 43 00 20 
7C 3B 00 20 A8 43 00 20 9C 43 00 20 00 00 D0 70 
3C 43 00 20 40 43 00 20 44 43 00 20 7C 35 00 20 
48 43 00 20 90 44 00 20 94 44 00 20 00 44 00 20 
2E 2F 00 20 2F 2F 00 20 30 2F 00 20 31 2F 00 20 
32 2F 00 20 33 2F 00 20 8A 44 00 20 8C 44 00 20 
FC 43 00 20 04 44 00 20 08 44 00 20 14 E0 00 E0 
10 E0 00 E0 08 B5 01 20 8D F8 00 00 F3 E0 88 49 
40 F2 7C 40 08 80 87 48 00 21 01 22 01 F0 8E FA 
C0 08 01 D2 00 20 02 E1 83 49 00 20 08 60 83 48 
00 68 00 21 81 80 82 49 4F F0 FF 30 08 60 80 48 
4F F4 86 41 00 F0 DC FD 7C 48 00 68 4F F4 88 41 
81 80 7C 49 64 20 08 60 00 F0 62 FD 7B 49 79 48 
0A 68 00 68 78 49 80 18 08 60 71 49 40 F2 A7 40 
08 80 70 48 00 21 01 22 01 F0 60 FA 74 49 10 F0 
04 00 08 60 0B D0 73 48 00 78 80 08 07 D2 6E 48 
6E 49 00 68 09 68 88 42 01 D3 00 20 C7 E0 6C 48 
00 68 00 28 B3 D0 6B 48 00 78 80 08 09 D3 69 49 
08 78 20 F0 02 00 08 70 00 F0 FA FF 01 28 0B D0 
D3 E7 60 48 00 68 41 F2 70 71 81 42 C4 D9 5D 49 
08 68 40 00 08 60 BF E7 59 48 58 49 5E 4A 00 88 
09 68 56 4B 08 80 10 88 19 68 48 80 53 48 00 68 
44 F2 35 11 81 80 01 F0 3D F9 00 20 4C 49 8D F8 
00 00 40 F2 E4 40 08 80 9D F8 00 00 08 B9 03 20 
8D E0 01 F0 2F F9 51 49 01 20 08 60 50 49 00 20 
08 60 4A 48 48 49 00 68 00 F5 C8 70 08 60 40 49 
40 F2 07 50 08 80 3F 48 00 21 01 22 01 F0 FE F9 
43 49 10 F0 04 00 08 60 0B D0 42 48 00 78 80 08 
07 D2 3D 48 3D 49 00 68 09 68 88 42 01 D3 00 20 
65 E0 3B 48 00 68 00 28 3F F4 51 AF 39 48 00 78 
80 08 09 D3 37 49 08 78 20 F0 02 00 08 70 00 F0 
6B FA 01 28 0F D0 CC E7 35 48 00 68 03 28 BF F4 
3E AF 01 F0 EF F8 31 49 01 20 08 60 30 49 08 68 
40 1C 08 60 BD E7 30 48 2E 49 00 68 40 01 08 58 
00 08 F8 D2 25 48 24 49 00 68 19 30 08 60 23 49 
21 48 09 68 00 68 88 42 11 D9 00 20 18 49 8D F8 
00 00 40 F2 4B 50 08 80 9D F8 00 00 08 B9 03 20 
25 E0 19 48 19 49 00 68 09 68 88 42 ED D8 20 48 
1E 49 08 60 FE E7 0E 48 00 88 00 28 3F F4 07 AF 
A0 F2 7C 40 00 28 3F F4 06 AF 2B 38 3F F4 31 AF 
3D 38 3F F4 79 AF 23 38 8D D0 44 38 DC D0 04 4A 
00 20 00 21 8D F8 00 00 02 20 11 80 FF E7 08 BD 
8A 44 00 20 00 C0 0E 40 A8 44 00 20 8C 44 00 20 
7A 44 00 20 10 44 00 20 14 44 00 20 FC 43 00 20 
24 44 00 20 BC 44 00 20 7C 44 00 20 1C 44 00 20 
20 44 00 20 9C 43 00 20 94 44 00 20 0C ED 00 E0 
04 00 FA 05 08 B5 5E 48 5C 49 00 88 09 88 88 42 
0C D1 5D 48 5B 49 00 88 09 88 88 42 06 D1 5C 49 
5A 48 0A 68 02 60 89 88 81 80 98 E0 5A 4B 59 48 
52 4A 58 49 1B 88 00 88 12 88 09 88 18 40 11 40 
88 42 0B D1 56 4B 55 48 4E 4A 54 49 1B 88 00 88 
12 88 09 88 18 40 11 40 88 42 08 D0 52 48 51 4B 
53 49 00 88 51 4A 18 80 08 88 10 80 07 E0 43 48 
4C 4B 44 49 00 88 4D 4A 18 80 08 88 10 80 4D 49 
00 20 08 70 4B 48 00 78 00 28 1B DC 49 48 4A 49 
02 78 90 00 00 EB C2 00 09 18 00 91 41 49 00 98 
09 88 00 88 88 42 05 D1 00 98 40 49 40 88 09 88 
88 42 07 D0 3F 49 08 78 40 1C 08 70 3D 48 00 78 
00 28 E3 DD 3B 48 00 78 01 28 41 D1 2F 48 FF 21 
06 22 00 F0 DD FF 2B 48 00 21 06 22 00 F0 D8 FF 
37 49 36 48 0A 68 02 60 89 88 81 80 34 49 35 48 
0A 68 02 60 89 88 81 80 2A 48 33 4B 2B 49 00 88 
32 4A 18 80 08 88 10 80 23 48 31 4B 24 49 00 88 
1A 4A 18 80 08 88 10 80 2E 49 4F F4 80 70 08 80 
2D 49 4F F4 80 70 08 80 2C 49 08 20 08 80 2C 49 
06 20 08 70 2B 49 04 20 08 70 2B 49 4F F4 C1 60 
08 80 2B 48 29 49 08 60 2A 49 2A 20 08 80 13 E0 
00 98 0E 49 00 1D 02 68 0A 60 80 88 88 80 18 49 
16 48 0A 68 02 60 89 88 81 80 1F 49 08 20 08 80 
20 49 08 88 0E 30 08 80 08 BD C0 46 56 2F 00 20 
2A 2F 00 20 58 2F 00 20 2C 2F 00 20 38 2F 00 20 
1C 2F 00 20 AC 44 00 20 A8 44 00 20 AE 44 00 20 
AA 44 00 20 7E 44 00 20 A4 44 00 20 80 44 00 20 
A6 44 00 20 86 44 00 20 60 44 00 20 3E 2F 00 20 
2E 2F 00 20 4E 2F 00 20 5E 2F 00 20 60 2F 00 20 
54 2F 00 20 4C 2F 00 20 46 2F 00 20 48 2F 00 20 
4A 2F 00 20 4B 2F 00 20 44 2F 00 20 9C 44 00 20 
6E 2F 00 20 B8 44 00 20 2D E9 F0 47 06 46 DF F8 
C4 91 6F 48 0F 46 06 F0 38 01 C6 F3 84 14 10 29 
33 D0 30 29 2C D0 38 29 25 D0 16 F0 38 0F 1E D1 
0A 2C 37 DA 65 4A 31 09 01 F0 7C 01 52 F8 01 80 
4D 46 A5 F1 60 01 CA 6A 02 2C 22 F0 1C 02 C8 BF 
42 F0 10 02 4F F4 00 23 4F F0 4C 75 CA 62 0A 68 
52 0A 02 D2 5B 1E FA D1 1C E0 8B B9 1A E0 4F F0 
00 08 45 46 0C E0 4F F4 00 48 4F F4 80 05 07 E0 
47 F2 30 58 4F F4 00 15 02 E0 80 46 00 25 05 24 
DF F8 58 A1 16 F4 60 5F 68 D1 16 F0 38 00 04 D0 
10 28 02 D0 00 20 BD E8 F0 87 4B 48 01 F0 28 F9 
49 46 4A 4B 08 61 0A 68 03 EA 02 00 40 F0 00 40 
08 60 08 68 C6 F3 02 63 5A 00 28 43 08 60 02 EB 
03 10 43 4A 24 18 A0 00 00 EB C4 00 13 18 5B 68 
41 4C C1 F8 B4 30 B3 0D 03 F0 1C 03 E3 58 FB 18 
5B 1E B3 FB F7 F3 1C 02 3A 4B 11 58 1E 68 57 46 
A4 F5 80 74 34 43 1C 60 38 68 4C 46 00 F4 00 00 
08 43 C4 F8 B0 00 40 46 01 F0 34 F8 47 08 38 46 
01 F0 EE F8 20 61 D4 F8 B0 00 00 0E 06 D2 D4 F8 
B0 00 40 F4 00 00 C4 F8 B0 00 03 E0 20 68 40 F0 
80 40 20 60 4F F4 00 41 08 46 D4 F8 B8 20 52 08 
03 D2 49 1E A0 F1 01 00 F7 D1 00 28 08 BF 00 27 
2D D0 20 68 22 4E 05 43 35 43 27 E0 01 F0 C8 F8 
56 46 49 46 01 F1 10 02 10 60 1E 4B 30 68 4C 46 
20 F4 00 00 C4 F8 B0 00 21 68 03 EA 01 00 40 F0 
00 40 20 60 3F B1 B8 FB F7 F6 06 B1 76 1E 70 1C 
B8 FB F0 F7 00 E0 00 26 38 46 01 F0 A9 F8 20 61 
20 68 40 EA 86 20 05 43 45 F0 00 45 25 60 20 68 
20 F4 70 00 20 60 38 46 BD E8 F0 87 EC 2E 00 20 
00 24 F4 00 B0 E0 0F 40 40 78 7D 01 00 FC 0F E0 
0C 2D 00 20 64 E1 0F 40 14 2F 00 20 60 E1 0F 40 
01 00 00 90 FF 03 00 6F 0E B5 47 48 00 68 00 90 
00 98 00 78 18 B9 00 98 40 78 03 28 01 D0 00 20 
73 E0 42 48 00 68 C0 88 B0 F5 8A 4F 04 D1 40 48 
3E 49 00 88 09 68 C8 80 3E 48 00 99 00 68 89 78 
C0 F3 07 20 88 42 07 D1 3A 48 00 99 00 68 C9 78 
00 F0 FF 00 88 42 0C D0 00 98 00 21 01 70 00 98 
04 21 41 70 30 48 00 68 04 21 00 F0 F9 FF 00 20 
4B E0 30 48 01 68 4F F4 78 50 00 EB 41 20 01 90 
2D 48 01 99 00 68 88 42 1D D9 2C 49 01 20 08 60 
01 98 6F F3 9F 30 48 B9 01 98 29 4A 2A 49 10 60 
28 48 01 60 27 48 00 68 80 08 FB D2 27 48 28 49 
02 88 09 68 00 98 09 68 0B 46 01 99 52 1E 00 1D 
22 F0 03 02 98 47 1B 49 08 68 40 1C 08 60 1F 48 
00 88 02 90 1F 48 00 68 40 08 04 D3 02 20 0B A1 
00 F0 A0 FD 0A E0 00 98 00 21 01 70 00 98 04 21 
41 70 0D 48 00 68 04 21 00 F0 B2 FF 02 98 B0 F5 
01 7F 01 D0 01 20 00 E0 00 20 0E BD 45 72 72 6F 
72 20 70 72 6F 67 72 61 6D 6D 69 6E 67 20 66 6C 
61 73 68 2E 00 C0 46 C0 9C 44 00 20 8C 44 00 20 
5A 2F 00 20 1C 44 00 20 18 44 00 20 14 D0 0F 40 
00 D0 0F 40 08 D0 0F 40 02 00 42 A4 B8 44 00 20 
2C 00 00 01 0C D0 0F 40 8C B5 01 91 00 90 49 49 
00 20 08 70 47 48 00 78 00 28 26 DC 45 48 02 78 
45 48 91 00 01 EB C2 01 40 18 07 88 AF B1 47 88 
9F B1 00 9A 01 88 12 88 91 42 0E D1 00 9A 41 88 
52 88 91 42 09 D1 01 9A 13 68 01 1D 0B 60 92 88 
8A 80 3A 49 09 78 81 72 6A E0 36 4A 11 78 49 1C 
11 70 34 49 09 78 00 29 D8 DD 32 4A 00 21 11 70 
30 49 09 78 00 29 12 DC 2E 48 02 78 2E 48 91 00 
01 EB C2 01 40 18 07 88 0F B9 47 88 3F B1 29 4A 
11 78 49 1C 11 70 27 49 09 78 00 29 EC DD 25 49 
09 78 01 29 38 D1 26 49 00 20 08 70 25 49 00 20 
08 70 20 49 00 20 08 70 1E 48 00 78 00 28 20 DC 
1C 48 02 78 1C 48 91 00 01 EB C2 01 40 18 1B 49 
1B 4A 83 7A 09 78 12 78 C9 1A 8A 42 09 DA 17 49 
82 7A 08 78 16 49 80 1A 08 70 12 48 15 49 00 78 
08 70 10 49 08 78 40 1C 08 70 0E 48 00 78 00 28 
DE DD 10 48 0B 49 00 78 08 70 0A 48 02 78 0A 48 
91 00 01 EB C2 01 40 18 00 99 09 68 01 60 01 9A 
13 68 01 1D 0B 60 92 88 8A 80 04 49 09 78 81 72 
8C BD C0 46 86 44 00 20 60 44 00 20 88 44 00 20 
89 44 00 20 87 44 00 20 08 B5 3E 48 00 68 80 68 
80 47 3B 49 08 60 3C 48 FF F7 F4 F9 3C 48 3B 49 
00 68 40 01 08 58 00 08 35 D2 3B 48 4F F4 C8 61 
00 F0 8E FA 37 49 08 80 36 48 00 88 A8 B1 37 48 
00 88 08 28 11 D1 01 20 FE F7 9A F9 31 48 00 88 
00 28 20 DD FF F7 9E FC 2E 48 01 88 2E 48 00 F0 
C9 FA 2C 49 00 20 08 80 15 E0 2A 48 00 88 90 B1 
2A 48 00 88 B0 F5 C1 6F 0D D1 00 F0 59 F8 25 48 
00 88 00 28 07 DD 23 48 01 88 23 48 00 F0 B2 FA 
20 49 00 20 08 80 22 48 00 68 32 28 23 D9 20 49 
00 20 08 60 00 20 00 90 00 98 E0 B9 00 9A 1E 48 
1C 49 00 EB 02 10 08 60 05 20 FE F7 61 F9 15 48 
00 88 00 28 09 DD FF F7 65 FC 12 48 01 88 12 48 
00 F0 90 FA 0F 49 00 20 08 80 00 98 40 1C 00 90 
00 98 00 28 E2 D0 11 48 00 68 42 F2 10 71 81 42 
94 D2 0E 49 00 20 08 60 00 F0 7A FD 8E E7 C0 46 
18 44 00 20 44 00 00 01 00 0E 27 07 3C 43 00 20 
90 44 00 20 B8 44 00 20 38 2F 00 20 44 2F 00 20 
04 44 00 20 B4 44 00 20 50 44 00 20 08 44 00 20 
08 B5 35 48 00 88 2A 28 03 D2 33 49 00 20 08 80 
61 E0 31 49 00 20 08 80 54 E0 31 48 2F 49 00 88 
09 88 88 42 57 D1 30 48 2E 49 00 88 09 88 88 42 
51 D1 2E 48 2E 49 FF F7 AF FE 2E 49 4F F4 00 70 
08 80 2B 49 2C 48 0A 68 02 60 89 88 81 80 2B 49 
27 48 0A 68 02 60 89 88 81 80 28 49 28 48 0A 68 
02 60 89 88 81 80 24 49 26 48 0A 68 02 60 89 88 
81 80 1E 48 19 49 00 88 08 80 23 48 19 49 00 88 
08 80 17 48 19 49 00 88 08 80 17 48 1E 49 00 88 
08 80 1E 49 4F F4 C1 60 08 80 0F 49 2A 20 08 80 
19 E0 0F 48 0D 49 00 88 09 88 88 42 13 D1 0E 48 
0C 49 00 88 09 88 88 42 0D D1 0C 48 0C 49 FF F7 
6B FE 08 E0 0B 48 00 88 B0 F5 80 70 A5 D0 B0 F5 
80 70 E6 D0 FF E7 08 BD B8 44 00 20 5E 2F 00 20 
A8 44 00 20 60 2F 00 20 AA 44 00 20 54 2F 00 20 
4E 2F 00 20 4C 2F 00 20 58 2F 00 20 2E 2F 00 20 
3E 2F 00 20 38 2F 00 20 56 2F 00 20 44 2F 00 20 
1F B5 33 48 00 68 00 90 31 48 00 68 01 90 00 20 
02 90 02 98 B0 F5 96 7F 0A D2 00 98 02 99 00 22 
0A 54 02 98 40 1C 02 90 02 98 B0 F5 96 7F F4 D3 
01 98 01 21 01 70 01 98 01 21 41 70 01 98 06 21 
81 70 00 F0 EB FD 23 49 08 60 01 99 48 60 22 49 
21 48 0A 68 00 68 01 99 64 24 64 23 B2 FB F4 F2 
B0 FB F3 F3 90 B2 00 02 9A B2 40 EA 22 20 08 81 
00 20 02 90 02 98 06 28 0C D2 02 99 17 4B 01 9A 
02 98 59 5C 80 18 01 77 02 98 40 1C 02 90 02 98 
06 28 F2 D3 00 20 02 90 02 E0 02 98 40 1C 02 90 
02 99 08 A3 01 9A 02 98 C9 5C 80 18 00 29 80 F8 
2C 10 F2 D1 06 48 00 68 4F F4 96 71 00 F0 68 FD 
00 90 1F BD 6D 73 70 34 33 32 65 34 00 C0 46 C0 
9C 44 00 20 0C 44 00 20 FC 43 00 20 74 44 00 20 
1C B5 AD F8 04 10 00 90 31 49 08 88 40 1C 08 80 
2F 48 00 88 B0 F5 FA 4F 03 DB 2D 49 4F F4 80 50 
08 80 2C 49 00 20 08 70 2A 48 00 78 00 28 12 DC 
27 48 00 88 00 F0 A4 FD 26 49 27 4A 09 78 09 01 
51 5A 88 42 E0 D0 23 49 08 78 40 1C 08 70 21 48 
00 78 00 28 EC DD 00 24 1E 49 00 20 08 70 1D 48 
00 78 00 28 13 DC 1B 48 1B 49 00 78 00 01 08 5A 
28 B9 18 48 19 4C 00 78 04 EB 00 14 07 E0 15 49 
08 78 40 1C 08 70 13 48 00 78 00 28 EB DD 0C B9 
00 20 1B E0 0E 48 0E 49 00 88 09 88 00 02 40 EA 
21 20 A0 80 BD F8 04 00 E0 80 00 98 28 B9 20 46 
00 21 04 22 00 F0 24 FB 05 E0 00 98 00 88 20 80 
00 98 40 88 60 80 40 20 20 72 20 46 1C BD C0 46 
6E 44 00 20 70 44 00 20 54 44 00 20 50 44 00 20 
AD F1 08 0D AD F8 04 10 00 90 00 99 BD F8 04 00 
CA 78 21 49 00 F0 FF 00 80 18 08 70 00 98 1F 49 
BD F8 04 20 80 78 00 EB 22 20 08 70 00 98 1C 49 
40 78 08 70 00 98 1B 49 00 78 08 70 17 48 BD F8 
04 10 00 78 B0 EB 21 2F 0A DA 16 49 48 78 40 1C 
48 70 13 48 00 78 18 B9 12 49 08 78 40 1C 08 70 
0D 49 BD F8 04 00 09 78 00 F0 FF 00 88 42 11 DD 
0C 49 88 78 40 1C 88 70 08 48 00 78 50 B9 09 49 
48 78 40 1C 48 70 06 48 00 78 18 B9 05 49 08 78 
40 1C 08 70 02 B0 70 47 9B 44 00 20 9A 44 00 20 
99 44 00 20 98 44 00 20 AD F1 18 0D AD F8 0E 20 
00 91 AD F8 0C 00 00 98 01 90 00 99 BD F8 0E 00 
40 18 40 1E 02 90 02 98 01 99 88 42 20 D9 01 99 
01 98 09 78 40 78 00 EB 01 20 AD F8 10 00 BD F8 
0C 10 BD F8 10 00 40 18 AD F8 0C 00 BD F8 10 00 
BD F8 0C 10 88 42 04 DD BD F8 0C 00 40 1C AD F8 
0C 00 01 98 80 1C 01 90 02 98 01 99 88 42 DE D8 
02 98 01 99 88 42 16 D1 01 98 00 78 00 02 AD F8 
10 00 BD F8 0C 10 BD F8 10 00 40 18 AD F8 0C 00 
BD F8 10 00 BD F8 0C 10 88 42 04 DD BD F8 0C 00 
40 1C AD F8 0C 00 BD F8 0C 00 06 B0 70 47 00 00 
AD F1 10 0D 01 91 00 90 00 20 02 90 23 48 22 49 
00 68 40 01 08 58 00 0C 29 D2 20 48 1E 49 00 68 
40 01 08 58 40 0A 22 D3 1C 48 1B 49 00 68 40 01 
08 58 C0 F3 0D 40 00 04 00 0C 02 90 01 98 02 99 
88 42 01 DA 01 98 02 90 00 20 03 90 02 98 03 99 
88 42 0C DD 03 98 12 4B 00 99 03 9A 18 5C 50 54 
03 98 40 1C 03 90 02 98 03 99 88 42 F2 DC 0B 49 
08 68 40 1C 08 60 09 48 00 68 03 28 02 D1 07 49 
00 20 08 60 05 48 04 4A 00 68 4F F0 00 41 40 01 
11 50 02 98 04 B0 70 47 3C 43 00 20 90 44 00 20 
7C 35 00 20 0E B5 01 91 00 90 21 48 1F 49 00 68 
40 01 08 58 00 08 F8 D2 01 98 B0 F5 C0 6F 02 DD 
4F F4 C0 60 01 90 00 20 02 90 01 98 02 99 88 42 
0C DD 00 98 02 99 02 9A 16 4B 08 5C 98 54 02 98 
40 1C 02 90 01 98 02 99 88 42 F2 DC 10 49 08 68 
40 1C 08 60 0E 48 00 68 03 28 02 D1 0C 49 00 20 
08 60 0B 48 01 68 0C 4A 01 98 49 01 50 50 08 48 
0A 49 06 4A 00 68 40 01 11 50 09 48 00 68 D0 F8 
80 10 08 48 88 47 01 98 0E BD C0 46 9C 43 00 20 
94 44 00 20 7C 3B 00 20 A0 43 00 20 00 00 D0 F0 
B8 00 00 01 00 C0 0E 40 00 2A 4A D0 5F EA 00 0C 
8B 07 1C D1 83 07 22 D1 10 2A 08 D3 70 B4 10 3A 
78 C9 78 C0 10 3A FB D2 70 BC 10 32 38 D0 04 2A 
2C D3 08 2A 05 D3 0C 2A 24 BF 08 C9 08 C0 08 C9 
08 C0 08 C9 08 C0 92 07 2A D0 92 0F 22 E0 0B 78 
03 70 49 1C 40 1C 52 1E 22 D0 8B 07 F7 D1 C3 07 
14 D1 83 07 D8 D0 12 1F 12 D3 08 C9 03 80 1B 0C 
43 80 00 1D 12 1F F8 D2 0A E0 08 C9 03 70 1B 0A 
43 70 1B 0A 83 70 1B 0A C3 70 00 1D 12 1F F4 D2 
12 1D 05 D0 0B 78 03 70 49 1C 40 1C 52 1E F9 D1 
60 46 70 47 21 49 00 20 08 70 20 48 00 78 14 28 
0D DA 1E 48 1E 4A 00 78 00 21 22 F8 10 10 1B 49 
08 78 40 1C 08 70 19 48 00 78 14 28 F1 DB 17 49 
00 20 08 70 15 48 00 78 0A 28 0D DA 13 48 15 4A 
00 78 00 21 40 01 11 54 10 49 08 78 40 1C 08 70 
0E 48 00 78 0A 28 F1 DB 0F 49 4F F4 80 60 08 80 
0A 49 00 20 08 70 09 48 00 78 00 28 0D DC 07 48 
0A 4A 00 78 00 21 00 01 11 52 04 49 08 78 40 1C 
08 70 02 48 00 78 00 28 F1 DD 70 47 70 44 00 20 
28 44 00 20 95 41 00 20 6E 44 00 20 54 44 00 20 
AD F1 08 0D 1D 48 00 68 00 90 00 98 00 78 02 28 
11 D1 1B 48 00 99 00 68 49 68 88 42 0B D1 19 48 
00 99 00 68 C9 69 88 42 05 D1 17 48 00 99 00 88 
09 8C 88 42 01 D0 00 20 1E E0 00 98 13 49 00 69 
08 60 00 98 12 49 40 69 08 60 00 20 01 90 02 E0 
01 98 40 1C 01 90 00 9B 01 98 01 99 0D 4A C0 18 
90 F8 6C 00 50 54 10 B1 01 98 7F 28 F0 D3 01 98 
08 4A 00 21 11 54 01 20 02 B0 70 47 9C 44 00 20 
0C 44 00 20 74 44 00 20 78 44 00 20 A8 44 00 20 
7A 44 00 20 BC 42 00 20 38 2F 00 20 C0 48 00 20 
00 20 00 21 C2 F2 00 01 5F F8 14 20 50 F8 04 3B 
41 F8 04 3B 91 42 F9 DB 00 20 5F F8 20 20 41 F8 
04 0B 91 42 FB DB 4E F6 08 50 CE F2 00 00 00 21 
C2 F2 00 01 01 60 4E F0 00 5E 70 47 4E F6 88 50 
CE F2 00 00 01 68 41 F4 70 01 01 60 FF F7 D8 FF 
00 F0 44 FA 18 B1 00 F0 21 F9 FF F7 9D BB 44 F2 
00 00 4E F6 08 51 CE F2 00 01 08 60 D0 F8 00 D0 
40 68 00 47 FF F7 C4 FF 00 20 D0 F8 00 D0 FF F7 
8B BB FE E7 FE E7 FE E7 40 1E FD D1 70 47 D5 E7 
0E B5 01 91 00 90 1D 49 01 98 08 60 01 98 10 F0 
40 4F 14 D1 1A 48 00 68 40 69 01 46 19 48 88 47 
17 48 00 68 D0 F8 8C 10 16 48 88 47 00 28 F7 D0 
13 48 00 68 D0 F8 88 10 4F F4 7A 70 88 47 01 98 
00 F0 40 40 B0 F1 40 4F 05 D1 0F 49 08 68 40 F4 
80 30 08 60 04 E0 0C 49 08 68 20 F4 80 30 08 60 
0A 48 00 68 40 6C 01 46 09 48 88 47 04 48 00 68 
D0 F8 88 10 4F F4 7A 70 88 47 0E BD C4 CF 0E 40 
44 00 00 01 00 30 00 F0 C8 CF 0E 40 B8 00 00 01 
00 C0 0E 40 00 B5 AD F1 14 0D 00 91 AD F8 0C 00 
1C 48 00 68 01 90 01 98 00 21 01 70 01 98 05 21 
41 70 BD F8 0C 00 01 99 C0 F3 07 20 88 70 BD F8 
0C 00 01 99 00 F0 FF 00 C8 70 04 20 02 90 01 98 
00 1D 01 90 0A E0 00 99 01 98 11 F8 01 2B 00 91 
41 1C 01 91 02 70 02 98 40 1C 02 90 02 98 40 F2 
09 61 81 42 03 DD 00 98 00 78 00 28 EB D1 01 98 
00 21 01 70 03 48 02 99 00 68 49 1C 00 F0 E0 F9 
05 B0 00 BD 9C 44 00 20 00 22 13 46 0A 46 19 46 
71 B5 10 F0 03 0F 0B D0 00 2A 82 BF 00 F8 01 1B 
B2 F1 01 02 10 F0 03 0F F6 D1 00 2A 08 BF 71 BD 
11 F0 FF 01 41 EA 01 21 04 2A 18 D3 41 EA 01 41 
08 2A 0F D3 0E 46 10 2A 08 D3 0C 46 0D 46 B2 F1 
0F 03 12 F0 0F 02 72 C0 10 3B FC D8 12 F0 08 0F 
18 BF 42 C0 12 F0 04 0F 18 BF 40 F8 04 1B 12 F0 
02 0F 18 BF 20 F8 02 1B 12 F0 01 0F 18 BF 01 70 
71 BD 00 00 0E B5 1A 48 00 68 00 90 19 48 00 68 
4F F4 8A 41 C1 80 00 98 00 21 01 70 00 98 01 21 
41 70 02 20 01 90 14 48 02 90 01 99 02 9A 4B 1C 
12 F8 01 0B 02 92 00 9A 01 93 00 28 88 54 F4 D1 
09 A0 02 90 01 99 02 9A 4B 1C 12 F8 01 0B 02 92 
00 9A 01 93 00 28 88 54 F4 D1 05 48 01 99 00 68 
00 F0 6E F9 0E BD C0 46 6F 63 74 65 74 00 C0 46 
9C 44 00 20 8C 44 00 20 BC 42 00 20 08 B5 16 49 
10 20 08 60 4F F4 A0 00 FF F7 EE FE 13 48 14 49 
FF F7 32 F8 13 48 00 68 80 69 01 46 12 48 88 47 
10 48 00 68 80 69 01 46 10 48 88 47 0D 48 00 68 
40 69 01 46 0C 48 88 47 0A 48 00 68 40 69 01 46 
0A 48 88 47 07 48 00 68 D0 F8 8C 10 06 48 88 47 
00 28 F7 D0 08 BD C0 46 7C E0 0F 40 40 02 00 F1 
00 0E 27 07 44 00 00 01 00 9C 00 F0 00 30 00 F0 
0E B5 8D F8 04 00 17 49 15 48 09 78 00 78 00 EB 
01 20 14 38 AD F8 00 00 9D F8 04 00 BD F8 00 10 
40 18 AD F8 02 00 10 49 BD F8 02 00 08 22 FF F7 
7B FC AD F8 02 00 0D 49 BD F8 00 20 BD F8 02 00 
FF F7 72 FC AD F8 02 00 BD F8 02 00 10 B9 4F F6 
FF 70 03 E0 BD F8 02 00 00 F0 62 F9 80 B2 0E BD 
49 2F 00 20 48 2F 00 20 52 2F 00 20 5A 2F 00 20 
08 B5 17 49 08 78 40 1C 08 70 16 49 00 20 08 70 
14 48 00 78 00 28 21 DC 12 48 13 49 02 78 90 00 
00 EB C2 00 09 18 00 91 00 99 00 98 09 88 40 88 
08 43 0B D0 00 99 0A 48 89 7A 00 78 40 1A 78 28 
04 DB 00 98 00 21 04 22 FF F7 F2 FE 05 49 08 78 
40 1C 08 70 03 48 00 78 00 28 DD DD 08 BD C0 46 
88 44 00 20 86 44 00 20 60 44 00 20 AD F1 08 0D 
8D F8 05 20 8D F8 04 10 00 90 0F 48 00 68 40 08 
FB D2 0D 48 9D F8 05 30 9D F8 04 20 0A 49 00 68 
00 F0 3C 00 40 EA 83 10 40 EA C2 20 40 F0 01 00 
08 60 05 48 00 68 40 08 FB D2 04 48 00 68 6F F3 
1F 40 80 B2 02 B0 70 47 10 C0 0E 40 14 C0 0E 40 
08 B5 AD F8 00 00 0E 48 00 68 BD F8 00 10 08 30 
FF F7 9E FB 0B 48 0A 49 00 78 09 68 08 72 0A 48 
07 49 00 78 09 68 48 72 08 48 05 49 00 78 09 68 
88 72 07 48 02 49 00 78 09 68 C8 72 08 BD C0 46 
A0 44 00 20 98 44 00 20 99 44 00 20 9A 44 00 20 
9B 44 00 20 10 4A 38 B5 11 68 C1 F3 89 24 11 68 
C1 F3 09 03 51 68 52 68 C1 F3 04 21 49 1C 02 F0 
1F 02 52 1C B0 FB F2 F2 24 F0 1F 00 20 1A 02 FB 
00 F5 60 09 50 43 40 09 00 EB 95 20 02 FB 03 00 
B0 FB F1 F0 38 BD C0 46 60 E1 0F 40 AD F1 08 0D 
4F F4 80 40 00 90 00 98 00 68 B0 F1 FF 3F 11 D0 
00 98 00 68 6F F3 13 00 B0 F1 00 5F 0A D1 00 98 
40 68 B0 F1 FF 3F 05 D0 00 98 40 68 6F F3 53 00 
01 28 01 D0 01 20 00 E0 00 20 02 B0 70 47 00 00 
08 B5 0D 49 00 20 08 70 0B 48 00 78 00 28 12 DC 
09 48 02 78 09 48 91 00 01 EB C2 01 04 22 40 18 
00 21 FF F7 35 FE 04 49 08 78 40 1C 08 70 02 48 
00 78 00 28 EC DD 08 BD 86 44 00 20 60 44 00 20 
0E B5 01 91 00 90 01 98 00 28 0F DD BD F8 04 00 
07 49 08 80 07 48 00 99 00 68 88 42 06 D0 04 4A 
04 48 00 99 12 88 00 68 FF F7 4E FC 0E BD C0 46 
BA 44 00 20 B0 44 00 20 08 B5 09 49 00 20 14 22 
FF F7 4A FB AD F8 00 00 BD F8 00 00 10 B9 4F F6 
FF 70 03 E0 BD F8 00 00 00 F0 3A F8 80 B2 08 BD 
46 2F 00 20 06 49 08 68 40 1C 08 60 05 49 08 68 
0A 30 08 60 04 49 08 68 0A 30 08 60 70 47 C0 46 
FC 43 00 20 04 44 00 20 08 44 00 20 05 48 06 4A 
06 49 04 4B 00 68 02 FB 00 10 18 60 01 48 00 68 
70 47 C0 46 00 44 00 20 0D 66 19 00 5F F3 6E 3C 
06 49 06 22 08 39 51 F8 08 3F 83 42 28 BF 48 68 
02 D2 52 1E F7 D1 00 20 70 47 C0 46 BC 2E 00 20 
AD F1 08 0D AD F8 00 00 BD F8 00 00 BD F8 00 10 
00 02 40 EA 21 20 80 B2 02 B0 70 47 08 B5 06 20 
FF F7 5E FE 08 BD 00 20 70 47 
@2d0c
40 00 00 00 00 00 00 00 00 01 00 00 A0 00 00 00 
02 00 00 00 00 01 00 00 28 00 00 00 00 00 00 00 
00 01 00 00 20 00 00 00 00 00 00 00 00 01 00 00 
50 00 00 00 02 00 00 00 00 01 00 00 14 00 00 00 
00 00 00 00 00 01 00 00 A0 00 00 00 08 00 00 00 
00 01 00 00 10 00 00 00 00 00 00 00 00 01 00 00 
28 00 00 00 02 00 00 00 00 01 00 00 40 00 00 00 
04 00 00 00 00 01 00 00 00 00 00 00 00 00 00 00 
00 00 00 00 00 00 00 00 00 00 00 00 00 00 00 00 
00 00 00 00 00 00 00 00 00 00 00 00 00 00 00 00 
00 00 00 00 00 00 00 00 00 00 00 00 00 00 00 00 
00 00 00 00 00 00 00 00 00 00 00 00 00 00 00 00 
00 00 00 00 00 00 00 00 00 00 00 00 00 00 00 00 
00 00 00 00 00 00 00 00 60 00 00 00 00 00 00 00 
00 01 00 00 50 00 00 00 00 00 00 00 00 01 00 00 
3C 00 00 00 00 00 00 00 00 01 00 00 30 00 00 00 
00 00 00 00 00 01 00 00 28 00 00 00 00 00 00 00 
00 01 00 00 1E 00 00 00 00 00 00 00 00 01 00 00 
50 00 00 00 02 00 00 00 00 01 00 00 18 00 00 00 
00 00 00 00 00 01 00 00 14 00 00 00 00 00 00 00 
00 01 00 00 60 00 00 00 04 00 00 00 00 01 00 00 
00 00 00 00 00 00 00 00 00 00 00 00 00 00 00 00 
00 00 00 00 00 00 00 00 00 00 00 00 00 00 00 00 
00 00 00 00 00 00 00 00 00 00 00 00 00 00 00 00 
00 00 00 00 00 00 00 00 00 00 00 00 00 00 00 00 
00 00 00 00 00 00 00 00 00 00 00 00 00 00 00 00 
00 00 00 00 00 00 00 00 00 00 00 00 00 00 00 00 
00 24 F4 00 30 00 30 00 00 5A 62 02 91 00 91 00 
00 87 93 03 D2 00 D2 00 00 B4 C4 04 13 01 13 01 
00 E1 F5 05 54 01 54 01 00 0E 27 07 95 01 95 01 
40 4B 4C 00 80 8D 5B 00 00 12 7A 00 80 96 98 00 
00 1B B7 00 00 24 F4 00 80 A8 12 01 00 2D 31 01 
00 36 6E 01 40 78 7D 01 00 68 89 09 00 1C 4E 0E 
FF FF FF FF FF FF FF FF FF FF 00 00 00 00 FF FF 
FF FF 00 00 00 00 00 00 
q
